시간,로봇,목적지,내용,결과,소요시간,요청
2026-08-19 14:52:55,robot_ec2b,Home,목적지 출발 → 이동 취소,취소,21초,로컬 디스플레이
2026-08-19 14:52:25,robot_ec2b,로비,목적지 출발 → 목적지 도착,성공,24초,로컬 디스플레이
2026-08-19 14:51:59,robot_ec2b,Home,목적지 출발 → 목적지 도착,성공,20초,로컬 디스플레이
2026-08-19 14:51:34,robot_ec2b,로비,목적지 출발 → 목적지 도착,성공,20초,로컬 디스플레이
2026-08-19 14:51:08,robot_ec2b,Home,목적지 출발 → 목적지 도착,성공,21초,로컬 디스플레이
2026-08-19 14:50:38,robot_ec2b,로비,목적지 출발 → 목적지 도착,성공,24초,로컬 디스플레이
2026-08-19 14:50:12,robot_ec2b,Home,목적지 출발 → 목적지 도착,성공,20초,로컬 디스플레이
2026-08-19 14:49:47,robot_ec2b,로비,목적지 출발 → 목적지 도착,성공,19초,로컬 디스플레이
2026-08-19 14:49:21,robot_ec2b,Home,목적지 출발 → 목적지 도착,성공,20초,로컬 디스플레이
2026-08-19 14:48:54,robot_ec2b,로비,목적지 출발 → 목적지 도착,성공,21초,로컬 디스플레이
2026-08-19 14:48:27,robot_ec2b,Home,목적지 출발 → 목적지 도착,성공,21초,로컬 디스플레이
2026-08-19 14:48:02,robot_ec2b,로비,목적지 출발 → 목적지 도착,성공,20초,로컬 디스플레이
2026-08-19 14:47:36,robot_ec2b,Home,목적지 출발 → 목적지 도착,성공,21초,로컬 디스플레이
2026-08-19 14:47:11,robot_ec2b,로비,목적지 출발 → 목적지 도착,성공,20초,로컬 디스플레이
2026-08-19 14:46:45,robot_ec2b,Home,목적지 출발 → 목적지 도착,성공,21초,로컬 디스플레이
2026-08-19 14:46:18,robot_ec2b,로비,목적지 출발 → 목적지 도착,성공,22초,로컬 디스플레이
2026-08-19 14:45:52,robot_ec2b,Home,목적지 출발 → 목적지 도착,성공,20초,로컬 디스플레이
2026-08-19 14:45:25,robot_ec2b,로비,목적지 출발 → 목적지 도착,성공,21초,로컬 디스플레이
2026-08-19 14:44:59,robot_ec2b,Home,목적지 출발 → 목적지 도착,성공,21초,로컬 디스플레이
2026-08-19 14:44:34,robot_ec2b,로비,목적지 출발 → 목적지 도착,성공,20초,로컬 디스플레이
2026-08-19 14:44:08,robot_ec2b,Home,목적지 출발 → 목적지 도착,성공,21초,로컬 디스플레이
2026-08-19 14:43:40,robot_ec2b,로비,목적지 출발 → 목적지 도착,성공,22초,로컬 디스플레이
2026-08-19 14:43:14,robot_ec2b,Home,목적지 출발 → 목적지 도착,성공,20초,로컬 디스플레이
2026-08-19 14:42:49,robot_ec2b,로비,목적지 출발 → 목적지 도착,성공,20초,로컬 디스플레이
2026-08-19 14:42:22,robot_ec2b,Home,목적지 출발 → 목적지 도착,성공,20초,로컬 디스플레이
2026-08-19 14:41:56,robot_ec2b,로비,목적지 출발 → 목적지 도착,성공,20초,로컬 디스플레이
2026-08-19 14:41:30,robot_ec2b,Home,목적지 출발 → 목적지 도착,성공,20초,로컬 디스플레이
2026-08-19 14:41:03,robot_ec2b,로비,목적지 출발 → 목적지 도착,성공,21초,로컬 디스플레이
2026-08-19 14:40:37,robot_ec2b,Home,목적지 출발 → 목적지 도착,성공,21초,로컬 디스플레이
2026-08-19 14:40:11,robot_ec2b,로비,목적지 출발 → 목적지 도착,성공,21초,로컬 디스플레이
2026-08-19 14:39:45,robot_ec2b,Home,목적지 출발 → 목적지 도착,성공,21초,로컬 디스플레이
2026-08-19 14:39:20,robot_ec2b,로비,목적지 출발 → 목적지 도착,성공,20초,로컬 디스플레이
2026-08-19 14:38:54,robot_ec2b,Home,목적지 출발 → 목적지 도착,성공,21초,로컬 디스플레이
2026-08-19 14:38:28,robot_ec2b,로비,목적지 출발 → 목적지 도착,성공,20초,로컬 디스플레이
2026-08-19 14:38:01,robot_ec2b,Home,목적지 출발 → 목적지 도착,성공,21초,로컬 디스플레이
2026-08-19 14:37:35,robot_ec2b,로비,목적지 출발 → 목적지 도착,성공,21초,로컬 디스플레이
2026-08-19 14:37:09,robot_ec2b,Home,목적지 출발 → 목적지 도착,성공,21초,로컬 디스플레이
2026-08-19 14:36:41,robot_ec2b,로비,목적지 출발 → 목적지 도착,성공,23초,로컬 디스플레이
2026-08-19 14:36:14,robot_ec2b,Home,목적지 출발 → 목적지 도착,성공,21초,로컬 디스플레이
2026-08-19 14:35:45,robot_ec2b,로비,목적지 출발 → 목적지 도착,성공,23초,로컬 디스플레이
2026-08-19 14:35:18,robot_ec2b,Home,목적지 출발 → 목적지 도착,성공,21초,로컬 디스플레이
2026-08-19 14:34:53,robot_ec2b,로비,목적지 출발 → 목적지 도착,성공,19초,로컬 디스플레이
2026-08-19 14:34:27,robot_ec2b,Home,목적지 출발 → 목적지 도착,성공,20초,로컬 디스플레이
2026-08-19 14:33:59,robot_ec2b,로비,목적지 출발 → 목적지 도착,성공,23초,로컬 디스플레이
2026-08-19 14:33:33,robot_ec2b,Home,목적지 출발 → 목적지 도착,성공,21초,로컬 디스플레이
2026-08-19 14:33:06,robot_ec2b,로비,목적지 출발 → 목적지 도착,성공,22초,로컬 디스플레이
2026-08-19 14:32:39,robot_ec2b,Home,목적지 출발 → 목적지 도착,성공,21초,로컬 디스플레이
2026-08-19 14:32:13,robot_ec2b,로비,목적지 출발 → 목적지 도착,성공,21초,로컬 디스플레이
2026-08-19 14:31:46,robot_ec2b,Home,목적지 출발 → 목적지 도착,성공,21초,로컬 디스플레이
2026-08-19 14:31:22,robot_ec2b,로비,목적지 출발 → 목적지 도착,성공,19초,로컬 디스플레이
2026-08-19 14:30:55,robot_ec2b,Home,목적지 출발 → 목적지 도착,성공,20초,로컬 디스플레이
2026-08-19 14:30:27,robot_ec2b,로비,목적지 출발 → 목적지 도착,성공,21초,로컬 디스플레이
2026-08-19 14:30:01,robot_ec2b,Home,목적지 출발 → 목적지 도착,성공,20초,로컬 디스플레이
2026-08-19 14:29:34,robot_ec2b,로비,목적지 출발 → 목적지 도착,성공,21초,로컬 디스플레이
2026-08-19 14:29:08,robot_ec2b,Home,목적지 출발 → 목적지 도착,성공,20초,로컬 디스플레이
2026-08-19 14:28:38,robot_ec2b,로비,목적지 출발 → 목적지 도착,성공,24초,로컬 디스플레이
2026-08-19 14:28:12,robot_ec2b,Home,목적지 출발 → 목적지 도착,성공,20초,로컬 디스플레이
2026-08-19 14:27:47,robot_ec2b,로비,목적지 출발 → 목적지 도착,성공,19초,로컬 디스플레이
2026-08-19 14:27:21,robot_ec2b,Home,목적지 출발 → 목적지 도착,성공,21초,로컬 디스플레이
2026-08-19 14:26:55,robot_ec2b,로비,목적지 출발 → 목적지 도착,성공,20초,로컬 디스플레이
2026-08-19 14:26:29,robot_ec2b,Home,목적지 출발 → 목적지 도착,성공,21초,로컬 디스플레이
2026-08-19 14:26:04,robot_ec2b,로비,목적지 출발 → 목적지 도착,성공,19초,로컬 디스플레이
2026-08-19 14:25:38,robot_ec2b,Home,목적지 출발 → 목적지 도착,성공,20초,로컬 디스플레이
2026-08-19 14:25:11,robot_ec2b,로비,목적지 출발 → 목적지 도착,성공,21초,로컬 디스플레이
2026-08-19 14:24:45,robot_ec2b,Home,목적지 출발 → 목적지 도착,성공,20초,로컬 디스플레이
2026-08-19 14:24:18,robot_ec2b,로비,목적지 출발 → 목적지 도착,성공,22초,로컬 디스플레이
2026-08-19 14:23:52,robot_ec2b,Home,목적지 출발 → 목적지 도착,성공,21초,로컬 디스플레이
2026-08-19 14:23:23,robot_ec2b,로비,목적지 출발 → 목적지 도착,성공,24초,로컬 디스플레이
2026-08-19 14:22:57,robot_ec2b,Home,목적지 출발 → 목적지 도착,성공,21초,로컬 디스플레이
2026-08-19 14:22:32,robot_ec2b,로비,목적지 출발 → 목적지 도착,성공,20초,로컬 디스플레이
2026-08-19 14:22:05,robot_ec2b,Home,목적지 출발 → 목적지 도착,성공,21초,로컬 디스플레이
2026-08-19 14:21:38,robot_ec2b,로비,목적지 출발 → 목적지 도착,성공,21초,로컬 디스플레이
2026-08-19 14:21:12,robot_ec2b,Home,목적지 출발 → 목적지 도착,성공,21초,로컬 디스플레이
2026-08-19 14:20:47,robot_ec2b,로비,목적지 출발 → 목적지 도착,성공,20초,로컬 디스플레이
2026-08-19 14:20:21,robot_ec2b,Home,목적지 출발 → 목적지 도착,성공,21초,로컬 디스플레이
2026-08-19 14:19:54,robot_ec2b,로비,목적지 출발 → 목적지 도착,성공,22초,로컬 디스플레이
2026-08-19 14:19:28,robot_ec2b,Home,목적지 출발 → 목적지 도착,성공,21초,로컬 디스플레이
2026-08-19 14:19:01,robot_ec2b,로비,목적지 출발 → 목적지 도착,성공,22초,로컬 디스플레이
2026-08-19 14:18:36,robot_ec2b,Home,목적지 출발 → 목적지 도착,성공,20초,로컬 디스플레이
2026-08-19 14:18:07,robot_ec2b,로비,목적지 출발 → 목적지 도착,성공,23초,로컬 디스플레이
2026-08-19 14:17:41,robot_ec2b,Home,목적지 출발 → 목적지 도착,성공,20초,로컬 디스플레이
2026-08-19 14:17:14,robot_ec2b,로비,목적지 출발 → 목적지 도착,성공,21초,로컬 디스플레이
2026-08-19 14:16:47,robot_ec2b,Home,목적지 출발 → 목적지 도착,성공,21초,로컬 디스플레이
2026-08-19 14:16:20,robot_ec2b,로비,목적지 출발 → 목적지 도착,성공,21초,로컬 디스플레이
2026-08-19 14:15:55,robot_ec2b,Home,목적지 출발 → 목적지 도착,성공,19초,로컬 디스플레이
2026-08-19 14:15:28,robot_ec2b,로비,목적지 출발 → 목적지 도착,성공,21초,로컬 디스플레이
2026-08-19 14:15:03,robot_ec2b,Home,목적지 출발 → 목적지 도착,성공,20초,로컬 디스플레이
2026-08-19 14:14:37,robot_ec2b,로비,목적지 출발 → 목적지 도착,성공,20초,로컬 디스플레이
2026-08-19 14:14:10,robot_ec2b,Home,목적지 출발 → 목적지 도착,성공,21초,로컬 디스플레이
2026-08-19 14:13:43,robot_ec2b,로비,목적지 출발 → 목적지 도착,성공,21초,로컬 디스플레이
2026-08-19 14:13:17,robot_ec2b,Home,목적지 출발 → 목적지 도착,성공,21초,로컬 디스플레이
2026-08-19 14:12:51,robot_ec2b,로비,목적지 출발 → 목적지 도착,성공,20초,로컬 디스플레이
2026-08-19 14:12:25,robot_ec2b,Home,목적지 출발 → 목적지 도착,성공,21초,로컬 디스플레이
2026-08-19 14:11:56,robot_ec2b,로비,목적지 출발 → 목적지 도착,성공,23초,로컬 디스플레이
2026-08-19 14:11:30,robot_ec2b,Home,목적지 출발 → 목적지 도착,성공,21초,로컬 디스플레이
2026-08-19 14:11:04,robot_ec2b,로비,목적지 출발 → 목적지 도착,성공,21초,로컬 디스플레이
2026-08-19 14:10:38,robot_ec2b,Home,목적지 출발 → 목적지 도착,성공,20초,로컬 디스플레이
2026-08-19 14:10:09,robot_ec2b,로비,목적지 출발 → 목적지 도착,성공,23초,로컬 디스플레이
2026-08-19 14:09:43,robot_ec2b,Home,목적지 출발 → 목적지 도착,성공,21초,로컬 디스플레이
2026-08-19 14:09:17,robot_ec2b,로비,목적지 출발 → 목적지 도착,성공,20초,로컬 디스플레이
2026-08-19 14:08:51,robot_ec2b,Home,목적지 출발 → 목적지 도착,성공,21초,로컬 디스플레이
2026-08-19 14:08:25,robot_ec2b,로비,목적지 출발 → 목적지 도착,성공,20초,로컬 디스플레이
2026-08-19 14:07:59,robot_ec2b,Home,목적지 출발 → 목적지 도착,성공,20초,로컬 디스플레이
2026-08-19 14:07:31,robot_ec2b,로비,목적지 출발 → 목적지 도착,성공,22초,로컬 디스플레이
2026-08-19 14:07:05,robot_ec2b,Home,목적지 출발 → 목적지 도착,성공,20초,로컬 디스플레이
2026-08-19 14:06:40,robot_ec2b,로비,목적지 출발 → 목적지 도착,성공,20초,로컬 디스플레이
2026-08-19 14:06:13,robot_ec2b,Home,목적지 출발 → 목적지 도착,성공,21초,로컬 디스플레이
2026-08-19 14:05:45,robot_ec2b,로비,목적지 출발 → 목적지 도착,성공,22초,로컬 디스플레이
2026-08-19 14:05:19,robot_ec2b,Home,목적지 출발 → 목적지 도착,성공,20초,로컬 디스플레이
2026-08-19 14:04:50,robot_ec2b,로비,목적지 출발 → 목적지 도착,성공,24초,로컬 디스플레이
2026-08-19 14:04:24,robot_ec2b,Home,목적지 출발 → 목적지 도착,성공,20초,로컬 디스플레이
2026-08-19 14:03:57,robot_ec2b,로비,목적지 출발 → 목적지 도착,성공,22초,로컬 디스플레이
2026-08-19 14:03:30,robot_ec2b,Home,목적지 출발 → 목적지 도착,성공,21초,로컬 디스플레이
2026-08-19 14:03:04,robot_ec2b,로비,목적지 출발 → 목적지 도착,성공,20초,로컬 디스플레이
2026-08-19 14:02:38,robot_ec2b,Home,목적지 출발 → 목적지 도착,성공,21초,로컬 디스플레이
2026-08-19 14:02:10,robot_ec2b,로비,목적지 출발 → 목적지 도착,성공,23초,로컬 디스플레이
2026-08-19 14:01:44,robot_ec2b,Home,목적지 출발 → 목적지 도착,성공,21초,로컬 디스플레이
2026-08-19 14:01:16,robot_ec2b,로비,목적지 출발 → 목적지 도착,성공,23초,로컬 디스플레이
2026-08-19 14:00:50,robot_ec2b,Home,목적지 출발 → 목적지 도착,성공,21초,로컬 디스플레이
2026-08-19 14:00:21,robot_ec2b,로비,목적지 출발 → 목적지 도착,성공,23초,로컬 디스플레이
2026-08-19 13:59:55,robot_ec2b,Home,목적지 출발 → 목적지 도착,성공,21초,로컬 디스플레이
2026-08-19 13:59:30,robot_ec2b,로비,목적지 출발 → 목적지 도착,성공,20초,로컬 디스플레이
2026-08-19 13:59:04,robot_ec2b,Home,목적지 출발 → 목적지 도착,성공,20초,로컬 디스플레이
2026-08-19 13:58:38,robot_ec2b,로비,목적지 출발 → 목적지 도착,성공,20초,로컬 디스플레이
2026-08-19 13:58:11,robot_ec2b,Home,목적지 출발 → 목적지 도착,성공,21초,로컬 디스플레이
2026-08-19 13:57:45,robot_ec2b,로비,목적지 출발 → 목적지 도착,성공,20초,로컬 디스플레이
2026-08-19 13:57:19,robot_ec2b,Home,목적지 출발 → 목적지 도착,성공,20초,로컬 디스플레이
2026-08-19 13:56:53,robot_ec2b,로비,목적지 출발 → 목적지 도착,성공,21초,로컬 디스플레이
2026-08-19 13:56:26,robot_ec2b,Home,목적지 출발 → 목적지 도착,성공,21초,로컬 디스플레이
2026-08-19 13:55:59,robot_ec2b,로비,목적지 출발 → 목적지 도착,성공,21초,로컬 디스플레이
2026-08-19 13:55:33,robot_ec2b,Home,목적지 출발 → 목적지 도착,성공,21초,로컬 디스플레이
2026-08-19 13:55:05,robot_ec2b,로비,목적지 출발 → 목적지 도착,성공,22초,로컬 디스플레이
2026-08-19 13:54:39,robot_ec2b,Home,목적지 출발 → 목적지 도착,성공,21초,로컬 디스플레이
2026-08-19 13:54:13,robot_ec2b,로비,목적지 출발 → 목적지 도착,성공,21초,로컬 디스플레이
2026-08-19 13:53:47,robot_ec2b,Home,목적지 출발 → 목적지 도착,성공,20초,로컬 디스플레이
2026-08-19 13:53:19,robot_ec2b,로비,목적지 출발 → 목적지 도착,성공,23초,로컬 디스플레이
2026-08-19 13:52:52,robot_ec2b,Home,목적지 출발 → 목적지 도착,성공,21초,로컬 디스플레이
2026-08-19 13:52:24,robot_ec2b,로비,목적지 출발 → 목적지 도착,성공,23초,로컬 디스플레이
2026-08-19 13:51:58,robot_ec2b,Home,목적지 출발 → 목적지 도착,성공,20초,로컬 디스플레이
2026-08-19 13:51:30,robot_ec2b,로비,목적지 출발 → 목적지 도착,성공,21초,로컬 디스플레이
2026-08-19 13:51:04,robot_ec2b,Home,목적지 출발 → 목적지 도착,성공,20초,로컬 디스플레이
2026-08-19 13:50:37,robot_ec2b,로비,목적지 출발 → 목적지 도착,성공,21초,로컬 디스플레이
2026-08-19 13:50:10,robot_ec2b,Home,목적지 출발 → 목적지 도착,성공,21초,로컬 디스플레이
2026-08-19 13:49:42,robot_ec2b,로비,목적지 출발 → 목적지 도착,성공,22초,로컬 디스플레이
2026-08-19 13:49:16,robot_ec2b,Home,목적지 출발 → 목적지 도착,성공,20초,로컬 디스플레이
2026-08-19 13:48:50,robot_ec2b,로비,목적지 출발 → 목적지 도착,성공,20초,로컬 디스플레이
2026-08-19 13:48:24,robot_ec2b,Home,목적지 출발 → 목적지 도착,성공,21초,로컬 디스플레이
2026-08-19 13:47:59,robot_ec2b,로비,목적지 출발 → 목적지 도착,성공,20초,로컬 디스플레이
2026-08-19 13:47:32,robot_ec2b,Home,목적지 출발 → 목적지 도착,성공,21초,로컬 디스플레이
2026-08-19 13:47:06,robot_ec2b,로비,목적지 출발 → 목적지 도착,성공,21초,로컬 디스플레이
2026-08-19 13:46:39,robot_ec2b,Home,목적지 출발 → 목적지 도착,성공,21초,로컬 디스플레이
2026-08-19 13:46:14,robot_ec2b,로비,목적지 출발 → 목적지 도착,성공,20초,로컬 디스플레이
2026-08-19 13:45:47,robot_ec2b,Home,목적지 출발 → 목적지 도착,성공,21초,로컬 디스플레이
2026-08-19 13:45:22,robot_ec2b,로비,목적지 출발 → 목적지 도착,성공,20초,로컬 디스플레이
2026-08-19 13:44:56,robot_ec2b,Home,목적지 출발 → 목적지 도착,성공,20초,로컬 디스플레이
2026-08-19 13:44:29,robot_ec2b,로비,목적지 출발 → 목적지 도착,성공,21초,로컬 디스플레이
2026-08-19 13:44:02,robot_ec2b,Home,목적지 출발 → 목적지 도착,성공,21초,로컬 디스플레이
2026-08-19 13:43:35,robot_ec2b,로비,목적지 출발 → 목적지 도착,성공,21초,로컬 디스플레이
2026-08-19 13:43:09,robot_ec2b,Home,목적지 출발 → 목적지 도착,성공,21초,로컬 디스플레이
2026-08-19 13:42:43,robot_ec2b,로비,목적지 출발 → 목적지 도착,성공,21초,로컬 디스플레이
2026-08-19 13:42:16,robot_ec2b,Home,목적지 출발 → 목적지 도착,성공,21초,로컬 디스플레이
2026-08-19 13:41:48,robot_ec2b,로비,목적지 출발 → 목적지 도착,성공,23초,로컬 디스플레이
2026-08-19 13:41:22,robot_ec2b,Home,목적지 출발 → 목적지 도착,성공,21초,로컬 디스플레이
2026-08-19 13:40:57,robot_ec2b,로비,목적지 출발 → 목적지 도착,성공,19초,로컬 디스플레이
2026-08-19 13:40:30,robot_ec2b,Home,목적지 출발 → 목적지 도착,성공,21초,로컬 디스플레이
2026-08-19 13:40:04,robot_ec2b,로비,목적지 출발 → 목적지 도착,성공,21초,로컬 디스플레이
2026-08-19 13:39:38,robot_ec2b,Home,목적지 출발 → 목적지 도착,성공,20초,로컬 디스플레이
2026-08-19 13:39:08,robot_ec2b,로비,목적지 출발 → 목적지 도착,성공,24초,로컬 디스플레이
2026-08-19 13:38:41,robot_ec2b,Home,목적지 출발 → 목적지 도착,성공,21초,로컬 디스플레이
2026-08-19 13:38:13,robot_ec2b,로비,목적지 출발 → 목적지 도착,성공,22초,로컬 디스플레이
2026-08-19 13:37:47,robot_ec2b,Home,목적지 출발 → 목적지 도착,성공,20초,로컬 디스플레이
2026-08-19 13:37:18,robot_ec2b,로비,목적지 출발 → 목적지 도착,성공,23초,로컬 디스플레이
2026-08-19 13:36:52,robot_ec2b,Home,목적지 출발 → 목적지 도착,성공,21초,로컬 디스플레이
2026-08-19 13:36:26,robot_ec2b,로비,목적지 출발 → 목적지 도착,성공,20초,로컬 디스플레이
2026-08-19 13:36:00,robot_ec2b,Home,목적지 출발 → 목적지 도착,성공,21초,로컬 디스플레이
2026-08-19 13:35:33,robot_ec2b,로비,목적지 출발 → 목적지 도착,성공,21초,로컬 디스플레이
2026-08-19 13:35:06,robot_ec2b,Home,목적지 출발 → 목적지 도착,성공,21초,로컬 디스플레이
2026-08-19 13:34:40,robot_ec2b,로비,목적지 출발 → 목적지 도착,성공,20초,로컬 디스플레이
2026-08-19 13:34:14,robot_ec2b,Home,목적지 출발 → 목적지 도착,성공,20초,로컬 디스플레이
2026-08-19 13:33:47,robot_ec2b,로비,목적지 출발 → 목적지 도착,성공,22초,로컬 디스플레이
2026-08-19 13:33:21,robot_ec2b,Home,목적지 출발 → 목적지 도착,성공,21초,로컬 디스플레이
2026-08-19 13:32:52,robot_ec2b,로비,목적지 출발 → 목적지 도착,성공,24초,로컬 디스플레이
2026-08-19 13:32:26,robot_ec2b,Home,목적지 출발 → 목적지 도착,성공,21초,로컬 디스플레이
2026-08-19 13:32:00,robot_ec2b,로비,목적지 출발 → 목적지 도착,성공,20초,로컬 디스플레이
2026-08-19 13:31:34,robot_ec2b,Home,목적지 출발 → 목적지 도착,성공,20초,로컬 디스플레이
2026-08-19 13:31:05,robot_ec2b,로비,목적지 출발 → 목적지 도착,성공,23초,로컬 디스플레이
2026-08-19 13:30:38,robot_ec2b,Home,목적지 출발 → 목적지 도착,성공,21초,로컬 디스플레이
2026-08-19 13:30:13,robot_ec2b,로비,목적지 출발 → 목적지 도착,성공,19초,로컬 디스플레이
2026-08-19 13:29:46,robot_ec2b,Home,목적지 출발 → 목적지 도착,성공,21초,로컬 디스플레이
2026-08-19 13:29:20,robot_ec2b,로비,목적지 출발 → 목적지 도착,성공,20초,로컬 디스플레이
2026-08-19 13:28:54,robot_ec2b,Home,목적지 출발 → 목적지 도착,성공,20초,로컬 디스플레이
2026-08-19 13:28:29,robot_ec2b,로비,목적지 출발 → 목적지 도착,성공,20초,로컬 디스플레이
2026-08-19 13:28:03,robot_ec2b,Home,목적지 출발 → 목적지 도착,성공,21초,로컬 디스플레이
2026-08-19 13:27:36,robot_ec2b,로비,목적지 출발 → 목적지 도착,성공,22초,로컬 디스플레이
2026-08-19 13:27:11,robot_ec2b,Home,목적지 출발 → 목적지 도착,성공,20초,로컬 디스플레이
2026-08-19 13:26:44,robot_ec2b,로비,목적지 출발 → 목적지 도착,성공,21초,로컬 디스플레이
2026-08-19 13:26:15,robot_ec2b,Home,목적지 출발 → 목적지 도착,성공,24초,로컬 디스플레이
2026-08-19 13:25:50,robot_ec2b,로비,목적지 출발 → 목적지 도착,성공,20초,로컬 디스플레이
2026-08-19 13:25:24,robot_ec2b,Home,목적지 출발 → 목적지 도착,성공,21초,로컬 디스플레이
2026-08-19 13:24:57,robot_ec2b,로비,목적지 출발 → 목적지 도착,성공,22초,로컬 디스플레이
2026-08-19 13:24:31,robot_ec2b,Home,목적지 출발 → 목적지 도착,성공,21초,로컬 디스플레이
2026-08-19 13:24:04,robot_ec2b,로비,목적지 출발 → 목적지 도착,성공,22초,로컬 디스플레이
2026-08-19 13:23:38,robot_ec2b,Home,목적지 출발 → 목적지 도착,성공,20초,로컬 디스플레이
2026-08-19 13:23:12,robot_ec2b,로비,목적지 출발 → 목적지 도착,성공,20초,로컬 디스플레이
2026-08-19 13:22:46,robot_ec2b,Home,목적지 출발 → 목적지 도착,성공,20초,로컬 디스플레이
2026-08-19 13:22:19,robot_ec2b,로비,목적지 출발 → 목적지 도착,성공,21초,로컬 디스플레이
2026-08-19 13:21:52,robot_ec2b,Home,목적지 출발 → 목적지 도착,성공,21초,로컬 디스플레이
2026-08-19 13:21:23,robot_ec2b,로비,목적지 출발 → 목적지 도착,성공,23초,로컬 디스플레이
2026-08-19 13:20:57,robot_ec2b,Home,목적지 출발 → 목적지 도착,성공,20초,로컬 디스플레이
2026-08-19 13:20:30,robot_ec2b,로비,목적지 출발 → 목적지 도착,성공,21초,로컬 디스플레이
2026-08-19 13:20:04,robot_ec2b,Home,목적지 출발 → 목적지 도착,성공,20초,로컬 디스플레이
2026-08-19 13:19:37,robot_ec2b,로비,목적지 출발 → 목적지 도착,성공,22초,로컬 디스플레이
2026-08-19 13:19:11,robot_ec2b,Home,목적지 출발 → 목적지 도착,성공,20초,로컬 디스플레이
2026-08-19 13:18:46,robot_ec2b,로비,목적지 출발 → 목적지 도착,성공,19초,로컬 디스플레이
2026-08-19 13:18:20,robot_ec2b,Home,목적지 출발 → 목적지 도착,성공,20초,로컬 디스플레이
2026-08-19 13:17:55,robot_ec2b,로비,목적지 출발 → 목적지 도착,성공,20초,로컬 디스플레이
2026-08-19 13:17:28,robot_ec2b,Home,목적지 출발 → 목적지 도착,성공,21초,로컬 디스플레이
2026-08-19 13:17:02,robot_ec2b,로비,목적지 출발 → 목적지 도착,성공,20초,로컬 디스플레이
2026-08-19 13:16:36,robot_ec2b,Home,목적지 출발 → 목적지 도착,성공,21초,로컬 디스플레이
2026-08-19 13:16:11,robot_ec2b,로비,목적지 출발 → 목적지 도착,성공,20초,로컬 디스플레이
2026-08-19 13:15:45,robot_ec2b,Home,목적지 출발 → 목적지 도착,성공,20초,로컬 디스플레이
2026-08-19 13:15:18,robot_ec2b,로비,목적지 출발 → 목적지 도착,성공,21초,로컬 디스플레이
2026-08-19 14:55:17,robot_ec2b,로비,목적지 출발 → 목적지 도착,성공,19초,로컬 디스플레이
2026-08-19 14:55:41,robot_ec2b,Home,목적지 출발 → 목적지 도착,성공,20초,로컬 디스플레이
2026-08-19 14:56:07,robot_ec2b,로비,목적지 출발 → 목적지 도착,성공,24초,로컬 디스플레이
2026-08-19 14:56:37,robot_ec2b,Home,목적지 출발 → 목적지 도착,성공,20초,로컬 디스플레이
2026-08-19 14:57:03,robot_ec2b,로비,목적지 출발 → 목적지 도착,성공,20초,로컬 디스플레이
2026-08-19 14:57:29,robot_ec2b,Home,목적지 출발 → 목적지 도착,성공,20초,로컬 디스플레이
2026-08-19 14:57:55,robot_ec2b,로비,목적지 출발 → 목적지 도착,성공,24초,로컬 디스플레이
2026-08-19 14:58:25,robot_ec2b,Home,목적지 출발 → 목적지 도착,성공,20초,로컬 디스플레이
2026-08-19 14:58:51,robot_ec2b,로비,목적지 출발 → 목적지 도착,성공,24초,로컬 디스플레이
2026-08-19 14:59:21,robot_ec2b,Home,목적지 출발 → 목적지 도착,성공,20초,로컬 디스플레이
2026-08-19 14:59:47,robot_ec2b,로비,목적지 출발 → 목적지 도착,성공,25초,로컬 디스플레이
2026-08-19 15:00:18,robot_ec2b,Home,목적지 출발 → 목적지 도착,성공,19초,로컬 디스플레이
2026-08-19 15:00:44,robot_ec2b,로비,목적지 출발 → 목적지 도착,성공,24초,로컬 디스플레이
2026-08-19 15:01:14,robot_ec2b,Home,목적지 출발 → 목적지 도착,성공,20초,로컬 디스플레이
2026-08-19 15:01:40,robot_ec2b,로비,목적지 출발 → 목적지 도착,성공,24초,로컬 디스플레이
2026-08-19 15:02:10,robot_ec2b,Home,목적지 출발 → 목적지 도착,성공,20초,로컬 디스플레이
2026-08-19 15:02:36,robot_ec2b,로비,목적지 출발 → 목적지 도착,성공,25초,로컬 디스플레이
2026-08-19 15:03:06,robot_ec2b,Home,목적지 출발 → 목적지 도착,성공,20초,로컬 디스플레이
2026-08-19 15:03:32,robot_ec2b,로비,목적지 출발 → 목적지 도착,성공,24초,로컬 디스플레이
2026-08-19 15:04:02,robot_ec2b,Home,목적지 출발 → 목적지 도착,성공,21초,로컬 디스플레이
2026-08-19 15:04:29,robot_ec2b,로비,목적지 출발 → 목적지 도착,성공,24초,로컬 디스플레이
2026-08-19 15:04:59,robot_ec2b,Home,목적지 출발 → 목적지 도착,성공,21초,로컬 디스플레이
2026-08-19 15:05:26,robot_ec2b,로비,목적지 출발 → 목적지 도착,성공,21초,로컬 디스플레이
2026-08-19 15:05:53,robot_ec2b,Home,목적지 출발 → 목적지 도착,성공,20초,로컬 디스플레이
2026-08-19 15:06:19,robot_ec2b,로비,목적지 출발 → 목적지 도착,성공,24초,로컬 디스플레이
2026-08-19 15:06:49,robot_ec2b,Home,목적지 출발 → 목적지 도착,성공,20초,로컬 디스플레이
2026-08-19 15:07:15,robot_ec2b,로비,목적지 출발 → 목적지 도착,성공,25초,로컬 디스플레이
2026-08-19 15:07:45,robot_ec2b,Home,목적지 출발 → 목적지 도착,성공,21초,로컬 디스플레이
2026-08-19 15:08:11,robot_ec2b,로비,목적지 출발 → 목적지 도착,성공,21초,로컬 디스플레이
2026-08-19 15:08:38,robot_ec2b,Home,목적지 출발 → 목적지 도착,성공,20초,로컬 디스플레이
2026-08-19 15:09:04,robot_ec2b,로비,목적지 출발 → 목적지 도착,성공,23초,로컬 디스플레이
2026-08-19 15:09:33,robot_ec2b,Home,목적지 출발 → 목적지 도착,성공,21초,로컬 디스플레이
2026-08-19 15:09:59,robot_ec2b,로비,목적지 출발 → 목적지 도착,성공,25초,로컬 디스플레이
2026-08-19 15:10:29,robot_ec2b,Home,목적지 출발 → 목적지 도착,성공,20초,로컬 디스플레이
2026-08-19 15:10:55,robot_ec2b,로비,목적지 출발 → 목적지 도착,성공,27초,로컬 디스플레이
2026-08-19 15:11:27,robot_ec2b,Home,목적지 출발 → 목적지 도착,성공,20초,로컬 디스플레이
2026-08-19 15:11:53,robot_ec2b,로비,목적지 출발 → 목적지 도착,성공,24초,로컬 디스플레이
2026-08-19 15:12:23,robot_ec2b,Home,목적지 출발 → 목적지 도착,성공,20초,로컬 디스플레이
2026-08-19 15:12:49,robot_ec2b,로비,목적지 출발 → 목적지 도착,성공,23초,로컬 디스플레이
2026-08-19 15:13:18,robot_ec2b,Home,목적지 출발 → 목적지 도착,성공,20초,로컬 디스플레이
2026-08-19 15:13:44,robot_ec2b,로비,목적지 출발 → 목적지 도착,성공,24초,로컬 디스플레이
2026-08-19 15:14:14,robot_ec2b,Home,목적지 출발 → 목적지 도착,성공,20초,로컬 디스플레이
2026-08-19 15:14:40,robot_ec2b,로비,목적지 출발 → 목적지 도착,성공,22초,로컬 디스플레이
2026-08-19 15:15:09,robot_ec2b,Home,목적지 출발 → 목적지 도착,성공,20초,로컬 디스플레이
2026-08-19 15:15:35,robot_ec2b,로비,목적지 출발 → 목적지 도착,성공,25초,로컬 디스플레이
2026-08-19 15:16:05,robot_ec2b,Home,목적지 출발 → 목적지 도착,성공,21초,로컬 디스플레이
2026-08-19 15:16:31,robot_ec2b,로비,목적지 출발 → 목적지 도착,성공,25초,로컬 디스플레이
2026-08-19 15:17:01,robot_ec2b,Home,목적지 출발 → 목적지 도착,성공,20초,로컬 디스플레이
2026-08-19 15:17:27,robot_ec2b,로비,목적지 출발 → 목적지 도착,성공,24초,로컬 디스플레이
2026-08-19 15:17:56,robot_ec2b,Home,목적지 출발 → 목적지 도착,성공,21초,로컬 디스플레이
2026-08-19 15:18:22,robot_ec2b,로비,목적지 출발 → 목적지 도착,성공,21초,로컬 디스플레이
2026-08-19 15:18:48,robot_ec2b,Home,목적지 출발 → 목적지 도착,성공,20초,로컬 디스플레이
2026-08-19 15:19:14,robot_ec2b,로비,목적지 출발 → 목적지 도착,성공,23초,로컬 디스플레이
2026-08-19 15:19:43,robot_ec2b,Home,목적지 출발 → 목적지 도착,성공,21초,로컬 디스플레이
2026-08-19 15:20:10,robot_ec2b,로비,목적지 출발 → 목적지 도착,성공,22초,로컬 디스플레이
2026-08-19 15:20:38,robot_ec2b,Home,목적지 출발 → 목적지 도착,성공,21초,로컬 디스플레이
2026-08-19 15:21:05,robot_ec2b,로비,목적지 출발 → 목적지 도착,성공,23초,로컬 디스플레이
2026-08-19 15:21:34,robot_ec2b,Home,목적지 출발 → 목적지 도착,성공,20초,로컬 디스플레이
2026-08-19 15:22:00,robot_ec2b,로비,목적지 출발 → 목적지 도착,성공,24초,로컬 디스플레이
2026-08-19 15:22:30,robot_ec2b,Home,목적지 출발 → 목적지 도착,성공,20초,로컬 디스플레이
2026-08-19 15:22:56,robot_ec2b,로비,목적지 출발 → 목적지 도착,성공,22초,로컬 디스플레이
2026-08-19 15:23:24,robot_ec2b,Home,목적지 출발 → 목적지 도착,성공,20초,로컬 디스플레이
2026-08-19 15:23:49,robot_ec2b,로비,목적지 출발 → 목적지 도착,성공,25초,로컬 디스플레이
2026-08-19 15:24:19,robot_ec2b,Home,목적지 출발 → 목적지 도착,성공,20초,로컬 디스플레이
2026-08-19 15:24:45,robot_ec2b,로비,목적지 출발 → 목적지 도착,성공,24초,로컬 디스플레이
2026-08-19 15:25:15,robot_ec2b,Home,목적지 출발 → 목적지 도착,성공,20초,로컬 디스플레이
2026-08-19 15:25:41,robot_ec2b,로비,목적지 출발 → 목적지 도착,성공,23초,로컬 디스플레이
2026-08-19 15:26:10,robot_ec2b,Home,목적지 출발 → 목적지 도착,성공,20초,로컬 디스플레이
2026-08-19 15:26:36,robot_ec2b,로비,목적지 출발 → 목적지 도착,성공,22초,로컬 디스플레이
2026-08-19 15:27:04,robot_ec2b,Home,목적지 출발 → 목적지 도착,성공,20초,로컬 디스플레이
2026-08-19 15:27:30,robot_ec2b,로비,목적지 출발 → 목적지 도착,성공,30초,로컬 디스플레이
2026-08-19 15:28:06,robot_ec2b,Home,목적지 출발 → 목적지 도착,성공,20초,로컬 디스플레이
2026-08-19 15:28:32,robot_ec2b,로비,목적지 출발 → 목적지 도착,성공,23초,로컬 디스플레이
2026-08-19 15:29:00,robot_ec2b,Home,목적지 출발 → 목적지 도착,성공,21초,로컬 디스플레이
2026-08-19 15:29:27,robot_ec2b,로비,목적지 출발 → 목적지 도착,성공,24초,로컬 디스플레이
2026-08-19 15:29:56,robot_ec2b,Home,목적지 출발 → 목적지 도착,성공,20초,로컬 디스플레이
2026-08-19 15:30:22,robot_ec2b,로비,목적지 출발 → 목적지 도착,성공,25초,로컬 디스플레이
2026-08-19 15:30:52,robot_ec2b,Home,목적지 출발 → 목적지 도착,성공,20초,로컬 디스플레이
2026-08-19 15:31:18,robot_ec2b,로비,목적지 출발 → 목적지 도착,성공,24초,로컬 디스플레이
2026-08-19 15:31:48,robot_ec2b,Home,목적지 출발 → 목적지 도착,성공,20초,로컬 디스플레이
2026-08-19 15:32:14,robot_ec2b,로비,목적지 출발 → 목적지 도착,성공,24초,로컬 디스플레이
2026-08-19 15:32:43,robot_ec2b,Home,목적지 출발 → 목적지 도착,성공,20초,로컬 디스플레이
2026-08-19 15:33:09,robot_ec2b,로비,목적지 출발 → 목적지 도착,성공,24초,로컬 디스플레이
2026-08-19 15:33:39,robot_ec2b,Home,목적지 출발 → 목적지 도착,성공,20초,로컬 디스플레이
2026-08-19 15:34:05,robot_ec2b,로비,목적지 출발 → 목적지 도착,성공,24초,로컬 디스플레이
2026-08-19 15:34:35,robot_ec2b,Home,목적지 출발 → 목적지 도착,성공,20초,로컬 디스플레이
2026-08-19 15:35:01,robot_ec2b,로비,목적지 출발 → 목적지 도착,성공,26초,로컬 디스플레이
2026-08-19 15:35:33,robot_ec2b,Home,목적지 출발 → 목적지 도착,성공,20초,로컬 디스플레이
2026-08-19 15:35:59,robot_ec2b,로비,목적지 출발 → 목적지 도착,성공,23초,로컬 디스플레이
2026-08-19 15:36:27,robot_ec2b,Home,목적지 출발 → 목적지 도착,성공,20초,로컬 디스플레이
2026-08-19 15:36:53,robot_ec2b,로비,목적지 출발 → 목적지 도착,성공,24초,로컬 디스플레이
2026-08-19 15:37:23,robot_ec2b,Home,목적지 출발 → 목적지 도착,성공,20초,로컬 디스플레이
2026-08-19 15:37:49,robot_ec2b,로비,목적지 출발 → 목적지 도착,성공,25초,로컬 디스플레이
2026-08-19 15:38:20,robot_ec2b,Home,목적지 출발 → 목적지 도착,성공,21초,로컬 디스플레이
2026-08-19 15:38:47,robot_ec2b,로비,목적지 출발 → 목적지 도착,성공,24초,로컬 디스플레이
2026-08-19 15:39:17,robot_ec2b,Home,목적지 출발 → 목적지 도착,성공,20초,로컬 디스플레이
2026-08-19 15:39:43,robot_ec2b,로비,목적지 출발 → 목적지 도착,성공,24초,로컬 디스플레이
2026-08-19 15:40:13,robot_ec2b,Home,목적지 출발 → 목적지 도착,성공,20초,로컬 디스플레이
2026-08-19 15:40:39,robot_ec2b,로비,목적지 출발 → 목적지 도착,성공,25초,로컬 디스플레이
2026-08-19 15:41:09,robot_ec2b,Home,목적지 출발 → 목적지 도착,성공,21초,로컬 디스플레이
2026-08-19 15:41:35,robot_ec2b,로비,목적지 출발 → 목적지 도착,성공,24초,로컬 디스플레이
2026-08-19 15:42:05,robot_ec2b,Home,목적지 출발 → 목적지 도착,성공,21초,로컬 디스플레이
2026-08-19 15:42:31,robot_ec2b,로비,목적지 출발 → 목적지 도착,성공,25초,로컬 디스플레이
2026-08-19 15:43:02,robot_ec2b,Home,목적지 출발 → 목적지 도착,성공,20초,로컬 디스플레이
2026-08-19 15:43:28,robot_ec2b,로비,목적지 출발 → 목적지 도착,성공,24초,로컬 디스플레이
2026-08-19 15:43:58,robot_ec2b,Home,목적지 출발 → 목적지 도착,성공,20초,로컬 디스플레이
2026-08-19 15:44:24,robot_ec2b,로비,목적지 출발 → 목적지 도착,성공,23초,로컬 디스플레이
2026-08-19 15:44:53,robot_ec2b,Home,목적지 출발 → 목적지 도착,성공,20초,로컬 디스플레이
2026-08-19 15:45:19,robot_ec2b,로비,목적지 출발 → 목적지 도착,성공,24초,로컬 디스플레이
2026-08-19 15:45:49,robot_ec2b,Home,목적지 출발 → 목적지 도착,성공,20초,로컬 디스플레이
2026-08-19 15:46:15,robot_ec2b,로비,목적지 출발 → 목적지 도착,성공,23초,로컬 디스플레이
2026-08-19 15:46:44,robot_ec2b,Home,목적지 출발 → 목적지 도착,성공,21초,로컬 디스플레이
2026-08-19 15:47:10,robot_ec2b,로비,목적지 출발 → 목적지 도착,성공,25초,로컬 디스플레이
2026-08-19 15:47:41,robot_ec2b,Home,목적지 출발 → 목적지 도착,성공,21초,로컬 디스플레이
2026-08-19 15:48:07,robot_ec2b,로비,목적지 출발 → 목적지 도착,성공,25초,로컬 디스플레이
2026-08-19 15:48:37,robot_ec2b,Home,목적지 출발 → 목적지 도착,성공,21초,로컬 디스플레이
2026-08-19 15:49:04,robot_ec2b,로비,목적지 출발 → 목적지 도착,성공,23초,로컬 디스플레이
2026-08-19 15:49:32,robot_ec2b,Home,목적지 출발 → 목적지 도착,성공,20초,로컬 디스플레이
2026-08-19 15:49:58,robot_ec2b,로비,목적지 출발 → 목적지 도착,성공,25초,로컬 디스플레이
2026-08-19 15:50:29,robot_ec2b,Home,목적지 출발 → 목적지 도착,성공,20초,로컬 디스플레이
2026-08-19 15:50:55,robot_ec2b,로비,목적지 출발 → 목적지 도착,성공,27초,로컬 디스플레이
2026-08-19 15:51:28,robot_ec2b,Home,목적지 출발 → 목적지 도착,성공,21초,로컬 디스플레이
2026-08-19 15:51:54,robot_ec2b,로비,목적지 출발 → 목적지 도착,성공,25초,로컬 디스플레이
2026-08-19 15:52:25,robot_ec2b,Home,목적지 출발 → 목적지 도착,성공,20초,로컬 디스플레이
2026-08-19 15:52:51,robot_ec2b,로비,목적지 출발 → 목적지 도착,성공,26초,로컬 디스플레이
2026-08-19 15:53:23,robot_ec2b,Home,목적지 출발 → 목적지 도착,성공,20초,로컬 디스플레이
2026-08-19 15:53:50,robot_ec2b,로비,목적지 출발 → 목적지 도착,성공,24초,로컬 디스플레이
2026-08-19 15:54:20,robot_ec2b,Home,목적지 출발 → 목적지 도착,성공,20초,로컬 디스플레이
2026-08-19 15:54:46,robot_ec2b,로비,목적지 출발 → 목적지 도착,성공,24초,로컬 디스플레이
2026-08-19 15:55:15,robot_ec2b,Home,목적지 출발 → 목적지 도착,성공,21초,로컬 디스플레이
2026-08-19 15:55:41,robot_ec2b,로비,목적지 출발 → 목적지 도착,성공,24초,로컬 디스플레이
2026-08-19 15:56:10,robot_ec2b,Home,목적지 출발 → 목적지 도착,성공,20초,로컬 디스플레이
2026-08-19 15:56:36,robot_ec2b,로비,목적지 출발 → 목적지 도착,성공,26초,로컬 디스플레이
2026-08-19 15:57:08,robot_ec2b,Home,목적지 출발 → 목적지 도착,성공,21초,로컬 디스플레이
2026-08-19 15:57:34,robot_ec2b,로비,목적지 출발 → 목적지 도착,성공,24초,로컬 디스플레이
2026-08-19 15:58:04,robot_ec2b,Home,목적지 출발 → 목적지 도착,성공,21초,로컬 디스플레이
2026-08-19 15:58:30,robot_ec2b,로비,목적지 출발 → 목적지 도착,성공,25초,로컬 디스플레이
2026-08-19 15:59:01,robot_ec2b,Home,목적지 출발 → 목적지 도착,성공,20초,로컬 디스플레이
2026-08-19 15:59:27,robot_ec2b,로비,목적지 출발 → 목적지 도착,성공,28초,로컬 디스플레이
